00 010110101010101000
10 000000000000000000
<<<<<<< HEAD
00 010110101010101000
10 000000000000000000
00 010110101010101000
10 000000000000000000
00 010110101010101000
10 000000000000000000
00 010110101010101000
10 000000000000000000
00 010110101010101000
10 000000000000000000
00 010110101010101000
10 000000000000000000
00 010110101010101000
10 000000000000000000
00 010110101010101000
10 000000000000000000
00 010110101010101000
10 000000000000000000
00 010110101010101000
=======
00 000000000000000100

>>>>>>> b19f83e0e8c7e58f2ce4e2132705276147518d4d
